4294967294,0
4294967279,33
4294967279,31
4294967279,26
4294967279,24
4294967279,364
4294967278,369
4294967279,352
4294967278,304
4294967279,257
4294967279,22
4294967279,346
4294967278,279
4294967278,261
4294967279,14
4294967279,12
4294967279,8
4294967279,7
4294967279,5
4294967279,375
4294967278,258
4294967279,561
4294967278,355
4294967278,332
4294967279,542
4294967278,382
4294967279,541
4294967278,352
4294967279,534
4294967279,559
4294967294,50
4294967294,417
4294967294,12
4294967278,246
4294967278,242
4294967279,531
4294967278,236
4294967278,234
4294967294,11
4294967294,68
4294967278,228
4294967279,16
4294967279,13
4294967278,225
4294967294,1414
4294967279,527
4294967278,395
4294967279,522
4294967294,424
4294967294,970
4294967279,9
4294967279,6
4294967279,4
4294967278,221
4294967279,220
4294967279,218
4294967278,216
4294967279,336
4294967278,414
4294967279,521
4294967278,213
4294967278,128
4294967279,558
4294967278,126
4294967278,124
4294967278,119
4294967278,212
4294967279,557
4294967278,210
4294967279,210
4294967279,572
4294967278,327
4294967279,208
4294967278,365
4294967278,430
4294967279,328
4294967278,399
4294967278,376
4294967279,512
4294967278,202
4294967279,553
4294967279,199
4294967278,322
4294967278,196
4294967279,327
4294967278,117
4294967278,396
4294967279,374
4294967278,420
4294967278,193
4294967279,318
4294967278,394
4294967278,320
4294967279,191
4294967278,190
4294967279,322
4294967279,188
4294967278,112
4294967278,422
4294967279,536
4294967278,186
4294967279,535
4294967278,185
4294967279,519
4294967279,370
4294967279,350
4294967279,518
4294967278,303
4294967278,302
4294967294,973
4294967278,301
4294967279,349
4294967278,311
4294967278,429
4294967279,159
4294967279,367
4294967278,388
4294967278,434
4294967278,107
4294967278,381
4294967278,106
4294967278,361
4294967278,295
4294967278,105
4294967278,103
4294967279,303
4294967278,294
4294967279,366
4294967279,324
4294967278,324
4294967279,145
4294967278,293
4294967279,143
4294967278,143
4294967279,142
4294967279,286
4294967279,538
4294967278,359
4294967279,330
4294967279,372
4294967278,410
4294967279,285
4294967278,96
4294967278,95
4294967278,339
4294967278,134
4294967278,93
4294967278,370
4294967279,515
4294967278,390
4294967279,266
4294967278,409
4294967279,301
4294967278,272
4294967278,283
4294967278,83
4294967279,300
4294967279,264
4294967278,2
4294967278,268
4294967278,266
4294967278,265
4294967278,418
4294967278,264
4294967279,513
4294967278,426
4294967278,72
4294967278,262
4294967278,356
4294967279,383
4294967279,0
4294967278,433
4294967294,5
4294967279,253
4294967278,81
4294967278,80
4294967279,80
4294967294,67
4294967278,441
4294967278,174
4294967278,0
4294967279,524
4294967279,544
4294967279,567
4294967278,333
4294967279,543
4294967279,520
4294967278,440
4294967279,333
4294967278,330
4294967279,250
4294967278,252
4294967279,560
4294967278,251
4294967279,334
4294967279,247
4294967279,243
4294967278,439
4294967279,239
4294967278,328
4294967279,355
4294967294,25
4294967294,26
4294967294,88
4294967278,78
4294967279,517
4294967294,43
4294967294,51
4294967294,82
4294967294,83
4294967279,234
4294967278,233
4294967279,232
4294967278,231
4294967279,228
4294967294,7
4294967279,226
4294967279,224
4294967294,6
4294967279,221
4294967279,219
4294967294,93
4294967279,217
4294967294,95
4294967279,215
4294967279,174
4294967279,214
4294967278,424
4294967279,213
0,5
4294967279,351
4294967279,211
4294967278,366
4294967279,209
4294967279,332
4294967279,207
4294967279,206
4294967279,205
4294967279,204
4294967279,203
4294967279,202
4294967293,131
4294967293,130
4294967293,129
4294967293,128
4294967293,127
4294967293,126
4294967293,125
4294967293,124
4294967293,123
4294967293,122
4294967293,121
4294967293,120
4294967293,119
4294967293,118
4294967293,117
4294967293,116
4294967293,115
4294967293,114
4294967293,113
4294967293,112
4294967293,111
4294967293,110
4294967293,109
4294967293,108
4294967293,107
4294967293,106
4294967293,105
4294967293,104
4294967293,103
4294967293,102
4294967293,101
4294967293,100
4294967293,99
4294967293,98
4294967293,97
4294967293,96
4294967293,95
4294967293,94
4294967293,93
4294967293,92
4294967293,91
4294967293,90
4294967293,89
4294967293,87
4294967293,86
4294967293,85
4294967293,84
4294967293,83
4294967293,82
4294967293,81
4294967293,80
4294967293,79
4294967293,78
4294967293,77
4294967293,76
4294967293,75
4294967293,74
4294967293,73
4294967293,72
4294967293,71
4294967293,70
4294967293,69
4294967293,68
4294967293,67
4294967293,66
4294967293,65
4294967293,64
4294967293,63
4294967293,62
4294967293,61
4294967293,60
4294967293,59
4294967293,58
4294967293,57
4294967293,56
4294967293,55
4294967293,54
4294967293,53
4294967293,52
4294967293,51
4294967293,50
4294967293,49
4294967293,48
4294967293,47
4294967293,46
4294967293,45
4294967293,44
4294967293,43
4294967293,42
4294967293,41
4294967293,40
4294967293,39
4294967293,38
4294967293,37
4294967293,36
4294967293,35
4294967293,34
4294967293,33
4294967293,32
4294967293,31
4294967293,30
4294967293,29
4294967293,28
4294967293,27
4294967293,26
4294967293,25
4294967293,24
4294967293,23
4294967293,22
4294967293,21
4294967293,20
4294967293,19
4294967293,18
4294967293,17
